
    2425967623052370772757633156976982469681
    1451730470513778492236629598992166035067
    6075380529345458860144577398704761614649
    3615415881585117908550243505309785526231
    5992830235524142758386850633773258681119
    4384165182867240584805930970951575013697
    5991810554633396517767024967580894321153
    6847944682037444681162770672798288913849
    4146162919458530168953357282201621124057
    5570373270183181665098052481109678989411

    22953686867719691230002707821868552601124472329079
    30762542250301270692051460539586166927291732754961
    29927402397991286489627837734179186385188296382227
    46484729803540183101830167875623788794533441216779
    95647806479275528135733781266203904794419563064407
    64495327731887693539738558691066839103388567300449
    58645563317564309847334478714939069495243200674793
    48705091355238882778842909230056712140813460157899
    15452417011775787851951047309563159388840946309807
    53542885039615245271174355315623704334284773568199

    622288097498926496141095869268883999563096063592498055290461
    610692533270508750441931226384209856405876657993997547171387
    668486051696691190102895306426999370394054817506916629001851
    313539589974026666385010319707341761012894704055733952484113
    470287785858076441566723507866751092927015824834881906763507
    361720912810755408215708460645842859722715865206816237944587
    378348910233465647859184421334615532543749747185321634086219
    669483106578092405936560831017556154622901950048903016651289
    351300033958683656629281197430236951045077917074227778834807
    511704374946917490638851104912462284144240813125071454126151

    4669523849932130508876392554713407521319117239637943224980015676156491
    4906275427767802358357703730938087362176142642699093827933107888253709
    2409130781894986571956777721649968801511465915451196376269177305066867
    7595009151080016652449223792726748985452052945413160073645842090827711
    3822535632033509464266159811805197854872067042990716005808372194664933
    5885903965180586669073549360644800583458138238012033647539649735017287
    5850725702766829291491370712136286009948642125131436113342815786444567
    4237080979868607742750808600846638318022863593147774739556427943294937
    3773180816219384606784189538899553110499442295782576702222280384917551
    9547848065153773335707495885453566120069130270246768806790708393909999

    18532395500947174450709383384936679868383424444311405679463280782405796233163977
    39688644836832882526173831577536117815818454437810437210221644553381995813014959
    44822481511601066098713481453161748979849764719554039096395688045048053310178487
    54875133386847519273109693154204970395475080920935355580245252923343305939004903
    40979218404449071854385509743772465043384063785613460568705289173181846900181503
    56181069873486948735852120493417527485226565150317825065106074926567306630125961
    19469495355310348270990592580191998639221450743640952620236903851789700309402857
    34263233064835421125264776608163440537925705997962346596977803462033841059628723
    14759984361802021245410475928101669395348791811705709117374129427051861355011151
    67120333368520272532940669112228025474970578938046280618394371551488988323794243

    282755483533707287054752184321121345766861480697448703443857012153264407439766013042402571
    370332600450952648802345609908335058273399487356359263038584017827194636172568988257769601
    463199005416013829210323411514132845972525641604435693287586851332821637442813833942427923
    374413471625854958269706803072259202131399386829497836277471117216044734280924224462969371
    664869143773196608462001772779382650311673568542237852546715913135688434614731717844868261
    309133826845331278722882330592890120369379620942948199356542318795450228858357445635314757
    976522637021306403150551933319006137720124048624544172072735055780411834104862667155922841
    635752334942676003169313626814655695963315290125751655287486460091602385142405742365191277
    625161793954624746211679299331621567931369768944205635791355694727774487677706013842058779
    204005728266090048777253207241416669051476369216501266754813821619984472224780876488344279

    2074722246773485207821695222107608587480996474721117292752992589912196684750549658310084416732550077
    2367495770217142995264827948666809233066409497699870112003149352380375124855230068487109373226251983
    1814159566819970307982681716822107016038920170504391457462563485198126916735167260215619523429714031
    5371393606024775251256550436773565977406724269152942136415762782810562554131599074907426010737503501
    6513516734600035718300327211250928237178281758494417357560086828416863929270451437126021949850746381
    5628290459057877291809182450381238927697314822133923421169378062922140081498734424133112032854812293
    2908511952812557872434704820397229928450530253990158990550731991011846571635621025786879881561814989
    2193992993218604310884461864618001945131790925282531768679169054389241527895222169476723691605898517
    5202642720986189087034837832337828472969800910926501361967872059486045713145450116712488685004691423
    7212610147295474909544523785043492409969382148186765460082500085393519556525921455588705423020751421


    35201546659608842026088328007565866231962578784643756647773109869245232364730066609837018108561065242031153677
    10513733234846849736873637829838635104309714688896631127438692162131857778044158273164093838937083421380041997
    24684249032065892333066123534168930441269525239006410135714283699648991959894332868446109170827166448301044689
    76921421106760125285550929240903354966370431827792714920086011488103952094969175731459908117375995349245839343
    32998886283809577512914881459957314326750856532546837122557861905096711274255431870995137546575954361422085081
    30925729459015376480470394633122420870296099995740154747268426836472045107181955644451858184784072167623952123
    14083359469338511572632447718747493405040362318205860500297736061630222431052998057250747900577940212317413063
    10422980533212493227764163121880874101060283221003967986026457372472702684601194916229693974417851408689550781
    36261430139487433507414165833468680972181038593593271409697364115931523786727274410257181186996611100786935727
    15579763548573297857414066649875054392128789371879472432457450095645164702139048181789700140949438093329334293

    499490918065850301921197603564081112780623690273420984342968690594064612108591217229304461006005170865294466527166368851
    527654088646108540362982390044019863852553381756839064739589507767331089783254199732302674718497125124586822562788766953
    171989218832470870857923701742780850419373475175043795375607676047792517311566339217543754147263751973899368604441353849
    566039327581077714561506815784669881914684785030580378761402844355426865405282719619236551816895924694614829004713040283
    897503957504227472139484199430066010338139343163145419280183314291067450988520718807102741476596034735471026312154231263
    745213698191737003631319694753125429293968166002970537936165661845575001172678049743806549549977234670072449443569701103
    420145406901811857791227072284165226561693483222287527567496017033892563342686752247587935117119306171161848593337649107
    371132472088173209741153184981742771278849120163424101995797949338636074962048027958518451774716413729510755717494155299
    284563744015440547449076942566482643882733461003510727231069524112903402006758875891142531990667183056335233985448160393
    506283312611011343355256478253272463245968105632679003983305635125224133331073348553775052064302641255435067238306718511


    5452212151844264453115521770362712815300456788073870260637172006414987479914150831821202259862091373741738511579629040732909194883
    6539010935836249262943170849578201335017375258186767902505297465587122376751466876714291620849745334794779375900778144335240097113
    3983839527542885537740733863182378190963726188502990729675389352191015499474350038278492444248168771788283801258341599238380122941
    1966605170351883122720890324745439659237468374231783680395362721624862483865065649496199746596592488851227128040234894355126333577
    8396165654625010853235718432422971894820959019173552531407618141479187464219101476472619790871280738143334218241399043466521187861
    8714772976381697859557965355791745997987728300226812732519702250463329265826033268926171610392211750044957719896320776794555146581
    4578487274208482739785211870551459143579948064875277467213620367693698827278583879146069992097475604136147868628836746016239588907
    4486847188052919998840445633197185837412694555920470505272960880292118699574860419602025075639197639973623241174554640239940468491
    3007481519774841700447169103699480479257075158004429172505493169624211738165626204221653115518171895124254955050192476647393240549
    1182911141497541140586615359230243592834259935951457923890100901143724702295750543180757886003762250822014770432406785975220712551

    49105133753678962419391374496727457097027115514864975959094375339860082156189031654878635228598019107441653554142227931036658923353143622433
    11116154175595527770308362725647119128773382144932530406518516557686437868255855652082462548879461003460118188231013636706338524913578946637
    64245974067698974727308576291067189905635129662015537917175582385219809100094736540969262037560193877488366836626125921856719528308413429711
    34485079630805051859266175091271301167552335355835904557317673250957626391924088349446387354547510877224494992751398370525640861207657983831
    66731226481164861907172210444443387725765534787685596039704030813005211489254073056730659671250155829101672315910005890867685131395246929621
    40715419051417482519286539367794251058952189812236314107150220232148457082328798652774511688107134820082466929596616575469866935012183992821
    66584720460899785255133191060974440278633915171229599356820775802394462756364476093414927157574862478083047015999630105316838183873438847653
    21384673207444598953944295269132432413002706756010583952155931098725644623031415143234836631619334100621702323118864487149301235435577193841
    11972074619991162245806805523618114505186632677199227008626207635331666111231564033315528198753090956109606784942142173066807025406537144269
    47691027682862136953792492644313896868091731521408932524622766147428587604078803781777571528885751867730427043206604868334701714257315063321


    656692050181897513638241554199181923922955921760928836766304161790553989228223793461834703506872747071705167995972707253940099469869516422893633357693
    204616454475328391399619135615615385636808455963116802820729927402260635621645177248364272093977747839601125961863785073671961509749189348777945177811
    641452276181854641108656711212426007392032535624286593352297230739655033308758795291525780661276052003446415402951276859305010843331485955731317776341
    550260068503913816794775756748734957217525557101277352617939473192429642846467658900405045171852174534967724674742228789190327015236678532191013890529
    583131835487211382864869404486578252043523081801125909471858006868782832566750509413463775974331289075956651335069566640737433078846977125660198697601
    481771005726160896474733768194850858215460011981072890995785634836450544884821582740744524775771150682846683947122626400704738713943115881075765362233
    291550339212810520584591717024643003222896524222464547399033563270236499245759688372706177143834849792024373534800701771810502419549113758796692666163
    375558729886621567205449255384643401545510736101936314566046534513364279097663141755273454199533071264570131949667792104742749053406471675458926748329
    422462939821987611668765003928357286531370604744014357581168779580028475979643188965993226794774506766569981531095464740448051585829856696356931372077
    533791764536500962982816454877600313815808544134584704665367971790938714376754987723404131641943766815146845004667377003395107827504566198008424339207


    5166566839092074458466334866571597694114460570387986357538048450432901440804868689337999823161841839689242893622491638917313351308387294478994745350551549126803
    1081298104698286063813737967304568031406522676857739555339880517562925221530558524296599584286163751908713364829390795648074146197550782524900963175263757603219
    3453221202185876906638629632175359499099670410652382616441386629981117932849225524689308950511055601388422752776562037360817653410867799137900072936906881621341
    9379635662817322614032764342613018955177071738482024436203544111095204370743225356112956525567890031429756904091450073222354327129541982170431394374683183905361
    5051274906171681915609732690658365816679515685799846683178436173836692151960702168161668828019540237543601958873479825452017776485422833955447384989249284184721
    5322540848240629191790738444031509035347191367506640093778351221586257526250970342938004178185797187285021641998886132756315601193005759267241157022234467562219
    1455092030073910097728935799403514951916017440761637615082797822300258672552113841248699383510679651371967303150469080892197381266011701672658746284897197497381
    5606221897419357203717805716775608610818309221516900659695848705842741725747203626727997867908348514759500625526025583533605817877234533489367251260903607478353
    5527520013513581326121882167187180752073463254277609911934750350965822023838543172229709244319844670433804038920304644097364765738975596420673642099039975011363
    8726641590503419650325196619937603416439489172580927797921688450581350540574217626151578525827423033276197489219680752921410238881917731681447358498204217268973

    27218343798190233889779431662111815254174074647423987223301820996324728298888643331463792254937414353096518304763345896749125106775048493507719412795029690510090142402163
    23479698886588057849314652964503798247894914124551260174218648067666102051616418999379517315316310948034679067621031740436103067802280750009256267288057226668309143457227
    37745683039627526420239498495450014901855006768892775749597403587571970429951577000073551065765218057239528311184736067680411048526187122288661901211789066482483802580969
    25289360766441467649688504294463889446448599958369578031987146079083964767320568714708933904456399649486377191080905641924169884768743883883122555185485514190467624449551
    24707159238131828525246120097499842650897794755532338306235565601244424543951799559126922000454067400268976841496109148609082939948473601049154232553757862489698258605853
    11067896864151107888327210475457768522190748228130894643297732650458556828346322177345544084702872726772673298479414374934206448595620856513559764913452487779500078246341
    32559552391090806972524986110685454429554861128146958282307580573550839559287659656080789996587490910999032609385668148399053113719642305511467653200258413635664259044077
    21160656367574879904377656869692416560544398642776271862237616754494681129688319299114321001429667792412314306472092655735101612562676478693400212218038544113953364215017
    61666372912245863887684510042656975220774126438327774649153997946400603024380560713336470674573893680427095868805106128483007129797880040347838399734458883689665738771401
    22520791630081014306545990999020220523689680052125101178603056566514551635190288951159828824962298109931324011219424017108828829432592847283787324132656193740066883435727


    278344420100310216738042441752470108332323908618219525487053710207384771998286597135290418719526702385178365896340210957041552257518693488098683242070746473230980005141419410511409
    320736475415476717732845847804491817446796189216456349827613663809340822922694550151574791812248563125599721479222153825117457246563639563061051392846797489177980112851325768344559
    142421590971309087406926930527203509136940618029846108794169863876683171607366571570400885831140555590135576733907110189937788062898855050894112651266072474307203583352058594056699
    593386707196164010234957027152328419042268655361978864426901926544572190528234802779306531224367755063388901572628462922632051330287480604978716718812759319920068478420695386733977
    539813721464880304831529082014022773775683060863538731923720954030918288330963319766918459920070168122735288577580167859459419843291482297756648680136952821437700382745720613744889
    702859775508284030177919822558533006622440218103436237875100165464040768114702545328008730929739757973342358123790248243520711425000515624162703794316531258568583660237867578953203
    589923621255019726527156285165428517384575357899722584047925764507589046990787480142415727801592836084346585615425741080198942707921115063808994265792045768353585364564118062957787
    988024003287850859144419046035039824149244726706784277084869779315425892879684597047236357710409517227957670271186515606462572615012822834344038901575679797975183588867579172966813
    138213346659325495152622898059934026500376715277553735568741631802223631560816340153124059134633703518065997351958412091563280756663245714418839097788427301498366707042110549313861
    471205606356071374530123676066132028268795965340695231968997455114791533754710267882707803660862532294335641905789356930854538689737478965628971918765260914629519973512861866553639

    5077461915617371651811593607389848534613910665160223569902404065418076795944656510340577164207672426574638345121648036693344561339868694500127046808526397857391514634557427341972391976756821
    3643214290461749241398376492190485585384494258388704356737409156502890948489887688353135368121060124798243703432841307147301729071453564875847359568200406818058535340069409695144897237869317
    4837500633209442055641398894165176677263201858612849667774338162796452956137875114054119135158253792745804801331435807680095292929070880966039245167637417105254552418199073193006899620258743
    5064136420884335501689838367952088390096266110228352307574884705496445677489534139564287934932824628345958454364410762801533170309041049312348967102909660236959079889483131581136712490172401
    4947086496071166703965587250769146731394104165275866303181215156028400564026120863996103770059401062730476737276710433726862730040272631518430581458702841125762611304768397806110371404797599
    2555480246614015637242066218495468367958491958791520916609927980929585688386540022963356429758954681777165591120866518535295021508514987925230304828573354059077193219265153006831360318167711
    6147641397250417452064510622317426991922141655515696005876029122575608297348771297503208386454555057912601512502968808491467996190208261151248935017610034239813017874230478567438939516320017
    3729231811884409820753681077055613011460474576134694905553319621800309295745959102074992512763282727699369957535526308579436199715035503019092827130578496450550629794274344813564303318059743
    6455677032078134615122923256047783642469165615329330252550539894033032422509072781300599341862693333305369588191523252516876513543095490001221889525858323800754356138220797092839047522855519
    5026229637416821096651957347055990616313190018857502650953480553921800879342828248572616370546407789646201959941290047780315122634922833439742729257401674232444211439320664156608343988857391

    58021664585639791181184025950440248398226136069516938232493687505822471836536824298822733710342250697739996825938232641940670857624514103125986134050997697160127301547995788468137887651823707102007839
    29072553456409183479268752003825253455672839222789445223234915115682921921621182714164684048719891059149763352939888629001652768286998932224000980861127751097886364432307005283784155195197202827350411
    41184172451867371867686906412307989908388177848827102865167949679167771021417488428983978626721272105583120243720400358313998904049755363682307706550788498535402989510396285940007396534556364659633739
    54661163828798316406139641599131347203445399912295442826728168170210404446004717881354193865401223990331513412680314853190460368937597393179445867548835085746203514200061810259071519181681661892618329
    71611195866368241734230315014260885890178941731009368469658803702463720956633120935294831101757574996161931982864195542669330457046568876289241536680683601749507786059442920003278263334056542642264651
    28591045597720075832628274729885724490653298360003309382769144463123258670807750560985604954275365591715208615509779345682419533206637382048824349415329839450792353652240682445321955199147316594996133
    49790921912819110019003521637763748399072771256062128988437189616228355821145834783451215869998723492323628198577054239101181556609916127864608488018093426129641387774385490891035446702272744866010729
    15474811206486587193258690501682404626361341756658894201908294153626080782693777003022566996735796983239343580281979005677758015801189957392350213806122307985157041153484138150252828152419133170303749
    12654646219963267405298825104551142450213038420566798208417393291567314379831789259173233506811083774527183953999862675239292185131178671317061020444490733287588383918793095608410078925861028249824377
    40992408416096028179761232532587525402909285099086220133403920525409552083528606215439915948260875718893797824735118621138192569490840098061133066650255608065609253901288801302035441884878187944219033


    643808006803554439230129854961492699151386107534013432918073439524138264842370630061369715394739134090922937332590384720397133335969549256322620979036686633213903952966175107096769180017646161851573147596390153
    449417999055441493994709297093108513015373787049558499205492347871729927573118262811508386655998299074566974373711472560655026288668094291699357843464363003144674940345912431129144354948751003607115263071543163
    230975859993204150666423538988557839555560243929065415434980904258310530753006723857139742334640122533598517597674807096648905501653461687601339782814316124971547968912893214002992086353183070342498989426570593
    879976242195951958890801816612768566943805170226410617823301865416003514546684111640331356490455690766475339038983303063831818394885482954417406863802340357540397021808027209610884076158915519334125353771492979
    110975366417606590833967199024636437460214709654546954443361638176229883140910302915147996598210506836614251268964446338737195911448213015377273363573074752120243818732263682864461580384738021460717565715722503
    614865347947412054998871912138166461049314312490725112873271296842414474254904548663296952332559110113044820194651149624596490803942453669130989178203975581114455363503708800628353373554758750709244049339485669
    578398945519096306104603034827967007926455254695946254913829507855980701574480395088152306664258445212434118755662305859296718511769019900797463787662982551299177055238677938544133928470423480135171841128166057
    200603822195324642393516294012917598972967449320074999667103434371470616000652036570009912021332527788252300901905236578801044680456930305350440933538867383130165841118050781326291059830545891570648243241795871
    827131507221654563937832686696200995595835694437983658840870036586124168186967796809117749047430768825822857042432722828096779098498192459819306321073968735177531164565305635281198148032612029767584644305912099
    964274047248418797145090983157197980855078966882276492572788532954904112655338439361306213898569516593744267391754033306465125919199692703323878557833023573312685002670662846477592597659826113460619815244721311

    5521712099665906221540423207019333379125265462121169655563495403888449493493629943498064604536961775110765377745550377067893607246020694972959780839151452457728855382113555867743022746090187341871655890805971735385789993
    4946782989936100340978613497123536403877982451146544556273808762091798324131786901296914447941032157686179078664441136685285308194514561510468547070503372175965741554500684745583907201589782012163092815238527022395531847
    1686497341353711305611314533713892867476872069660265164960400834285140167272334456461153902160145656434656190916734048745690082065807224646832960020851742291098965544262163963976377940891936112842489791084937115229985523
    4024609901503260810269407468691203815597240980490831121441008103456384399515806457060473646208324881470459201945576188438333273668474345882626708030947627287590124455488557086128125418355846343248375161824453194911368553
    1223732121978348827951458197820227525680598082341072276645780759681583360417187138594354507541463356813874495409408957017081660510467795014804337232026622609914227325767228218616048554077046428203445443447371782766463323
    1617715056246752538785299000182419637404531613327842962881457112604034232033671282712980585771232452841883594826372983832472328460350049283645179688250138009533754345217561268639160328774125180445430290589378901663207059
    5569632747079549601598178420932244414970531646975337735765307429600364098163302494170010799604994405157512160053825953960398479355068806977610414154008753377194113913520943719945884635263031964263024822919752634970219699
    4891021710893690988763946224045710417218102588496868549989236905028009799077555460636509073566793265815113618300117434825710922545275968366140203221150934798358105201156858937809865608510532069388040797198645845053893329
    3082620745243449401694587258115336002381779641367375950273829476342471735062725180901036226278130762025829992363923955707979142964213859746930138447696031315806586014398729784266819509742760398915336761425413832264717163
    1645742825183467619487091143114742813111578265693364754500359034725510391201898956997827282590265473150210112121750332633893008983436472616485037774050768689235054669072556953131927823038824414275347022148320732189275923


    56125680981752282333498088313568935051383833838594899821664631784577337171193624243181360054669678410455329112434552942717084003541384594864129940145043086760031292483340068923506115878221189886491132772739661669044958531131327771
    33842087669314085922445541670258366617963547269871349157946397930021671072879057431968999155130964158826252278466715358308195987993086827188136033796484578574813585076823309337138021706520388123218024081641988010732647464860014933
    63556399829835331952308746203320003046976892440596186268797010059920148204359911235920191263570262537797901436399163646602402069151710265676725083444680749168670016260057105903268204928263311884485983112346974646808220605856122413
    25695117296461763226637390094361392410202888681972246015015616482456043135447255450090212538767136747061585519461591391690149785714912356898143322454744250574838470773113949042293937342467267728574177078625870667055683429587312037
    21300201301629210452464119866388466834939209799796743744566215971019835934873713391025654608111703142839573952969146866196732314492859634538441409805139418615474981665588472532863079300348061212642715504474934450531890795747236331
    38106758454920325419374791962420148010976790968384800173320135432994217408267883195973671635960451900291282983416672935366147588786416132622989521624086020960433610594480676881787661271594802197027745283959189724700467283256270403
    38762217770011076543812558980103749234859497948714246622214162442205108754782773687842018087751465069758232680421784403844939497206445510513337080943785005155511815286799602210383243566108920435480682463875028936997633500773799647
    32851821388794275994374291907684577477463192247701558137921750178596964806832152539714454184965573001529008083327769925416551124546909243647269222222136385653063227919905671969414694790703312697022313407087334414566987461854976977
    12245442024374614689109712434724272673056459509314527349744503469345912205668622170940248748257546033159240098557771252551702406748969563113679865954698092482472205671770925537241038679473374235787361928891214113717891603697678797
    41271733872267210121406786533931335908455178246240542085786249499513164373669477767257948610786612671289014957567551948850259753354379406851656244131227129708940056151731196095637855886900873713163739636895881967604705732739957041

    433019240910377478217373572959560109819648647016096560523769010881172869083338285573756574557395862965095016483867813043663981946477698466501451832407592327356331263124555137732393938242285782144928753919588632679050799198937132922145084847
    658385546911733550164516088405238961461880256029834598831972039469421755117818013653494814438931957316403111689187691446941406788869098983929874080332195117465344344350008880118042764943201875870917468833709791733282363323948005998269792207
    631046060248729925310901897162524558757892947253360091376493465548881759500732321207310947252399572359255165803474695943110038180074419352488278424474341618599415520941229312656103885325688462411331647506617258539237678517515062029025882111
    555930342800203269560493281582724297007323229545269515565579012169094819070209451773591842396562519380252706684512344033938908252241551898231885004212131994719956573451578988526291395886831310960617565446260750458144570897474910045788793641
    963776490226810914179127416979112736599358462343660979133704637052985987395814985567964199253678349130533981848158045863245610061240372125223976414165504075241141636320276071785214612776961231843830877454050632964032066734998244033965101749
    429658446338661686643493725510284110493599954226035820905785008443520381887917251101430906695273248229134343944968312754799687049087615143654956740908022486161773863760198918360760883640680471523406895493680359160538947211150254456062366151
    301324137960315899820561048027348288330924961520646503519420540662482543144522433427373448331312307307161129547766561547892901485771895123906175962279608465429343603026135570815033813352165031141081975607881913019142452193449753529463010159
    255112508897622985310494621898578485506502699374200456279537176322071752799387264311493082040326094068304025184818529912661589221508006459487667465358421280596050439152052898117848487594823639685476220238281599236511128329403379244547324431
    120815570979701484704906977000760567182871429114712069861589084706550626575967516787438008593490722779337547394120718248995900363209947025063336882559539208430319216688889117222633155838468458047056355241515415159736436403445579777425189969
    534263928796435965077261829036391545522904094953733451822909917110878745956911600280615705620571022574135290807990802800328210111615334824471145499122558846672862519090799997166472785212158821126257417115144412745386412468419250633060307007


     5781538327977828897150909166778407659250458379645823062042492461576758526757490910073628008613977550546382774775570888130029763571528699574717583228939535960234464230882573615930384979100379102915657483866755371559811718767760594919456971354184113721
     6325427919960049066585247837578372385418559154923477553398129089734082978096069693032859784967901396775824948679013568274245239986849282715816927424255093730637896848500237375779410539868274303393510928400955586603945601202203906813552017713600173613
     1492570256548720374732301208879902359137917983867173994272189983450309885875603079183836460793371530399193231040790387787668214652923343652839663535300452717493890306237462478334618408530398739740148784591908095015529588056382197993192731852132121711
     5236828875479032067717626462856300906381035007260718615838669162211131824655260246937578375433262328206499459275581209388342892208784057258717047490425447217362253059951830269996579032687344642379285373251685453043862105987293264183501516155981651569
     3416125484651880824649192099235033527914617803403701054777894769025318772710175775793367341953921714553521186823810932269184143033013016793222402163346724187114477766138018341566351560693965548954433712778344922065660960958894751416275568079834471541
     3351562074890167230083391509368112503869098374599796003635654799503899355174758198239453505687486433596497246873304366002321592590451377027005348252364824210559714523471418833219216916116147388330819474808244219362949572839911435299463967729262897331
     5824421078329062231661703925118927928310286328165738268867852815434484509642046847544443271561762868449255836702783768439668236369695873851442739947344570206865335581934882878503907922778689256981157126938612413473544567951487131769605567058629704591
     1389116249243716847348088927848659359447606893455263094651000788996986658678996011997982077310912124848525958777046944012259203097866174509363711195882419322015576431662790538354378481778662165275630720476067089175069283834501499113947948000501538579
     4323346092613109891307052290123199455785484499957509745750729702800885657399569941917308395773741787567164616491760055180130522534159761264075022398480360164061969752257207458081319699735857058162958337506997245873382483871650030212685111549077234223
     1246275559479061299298644314455030365736671553305041123673302337538397573962718173647508583160965003439879416570911665421215306729416694331034150486590389453006780681337725196359022826865582149542254102253880508139465982077332466235688121168520270413

    19273843521026396942423041256702416467190916480829438372892895532230844179797565880221360136918107451198911623615771273474843394785083334295101581743836650077544389834600122094987552690583700099541822627492515524020980656689705115960283286209148940535104015337
     67456772536997811174562843827334166492604722726798354062809571765666143205478154891520988418820829227136251602140592962830914859588069638333300746582776692720637910854613289610057151587251089921722318897093966945777208101090776716402383331743368026418397556891
     42593488731436334558240129827571664214680272396207168234413236480365708090391898200141852152164946968094921114819348676422927981034847486684273805683705118394194048620602183332746250604729056069042068601678865748440018982946827563704509942977277090795264187849
     16107407153096872818493782945957787561325375534122812732915532201840816254400467958193423121840372946330339589450123508622134774121104116098949168616561321246035895208358144099325905467103390396346965217633409955370491728893923457194644438929148135544797769069
     49642196519287563890219771644794994818956271978536893649678493707106697740616207443433039867021200759433868948129547546653564382798817640018032929084872815787149827529492755939735263141371178259217768571082104248486704273772193856448675375667327678108529811271
     10630035406473276537672417642319966571896173296326470196334200433213809269253309428418308671153351545251256200022353395036694442206579095070868233809133290885233924975320623561025978127184373556464786419456515838125085169778530098251536033042380621776798416689
     25290181317443223202462289639535568588026980307751030325846138922434211534444969788237980189518561067454419530259429589051181436567403701018238964718203056168955426581729913704293743890489851209326371108494646496297959925452431230546049667449322574935832180327
     60960130920852832345025772583794322476182120995079063265343175376976500914414814270586102634219293014759814314143899859216943973261216488178461281369867855351998227521639452187585065453508673607852739488682524197867887816471871859348497859187835981791349272159
     58647870561379694776505017720198012685284549950782634875879337136907456988455829016630334078898426016854099512329679724649329704688926137344357301398956973920710342405083924140345133464332875812901929569113000763985040682896337370547264220717137594746886327761
     50985706168761488366316382338014644105350894561341788683522249832194333902444754897729974158787863583439645933374661244079621367847162487366917832904994676462834272619451739021241059378594481762281376106663491397418420352316354537398792605354478235631207230857


    583137007797276923956891216216022144052044091311388601652961409557516421612874571554415606746479105795833145583959622117418531166391184939066520869800857530421873250114773204354963864729386957427276448683092491947566992077136553066273207777134303397724679138833126700957
     341542941372464534497852047268105389138631890905646486032000153894901449540580129450122392139802619604292752498326041347480618250352488051163893646047131867622060323720251466252698326430731130611964327062361372397940193111039277572779594686777531915056404892709536037639
     693837040088086833536731916613299728522374615588828243930598085620784756109936633314293512136427403324608050713793474670444088042304542046412460828094049003938227053566915463075956137296225875532843309859963422830187995779915252625758914829738036146789660253548701778837
     196691913892836819106921880153236849243622839135327984704942270321976524939448096940370651177842186392769572089206180882956428113672762026903908709351815601150129444946671931854937848928991737758122674726084238738986000850725905771085642646146881813727460493835262604303
     170902679027143614381480059391075460977748667084652490023526958676379938833341709136279594902205355969210787455441130248035902265317439239727527609176424101012027295635928382169934598883924161721713564178522447830194403641544177926621519514748243624424803053704080264159
     471475783779117473437696117802417626487839062434599064863035821968629035024980502377134378815374602544529087517402940868050418215262184298226449528574182158863791371813026718349131181672601351927241854659801579851938035856589600671154437708549060762345454578611174965613
     630401459981890925871943502656990828862174194616722524583664885334493959070286140976851072711744928475299148378810029026986307409791403597358746752833626753147802185593071445295784983543019670778723774980356622160978299480879244289586779357458029514963543350008665423257
     209861357945879950916906128856119048891352411384716350600842439609102587394152443211740106606135657033043649933176547703412852384835256397823713231169956979772480285040804266720512264213711365049889621743190476759577534112558123200760519128412977934870020888333857186411
     533908591185102096721484909806413036775185183352706309151302910709983373762043847868389077713822984385951546710427861029531444058770240205707393053275752747465332797251246740378632048744214547340674874776350282974442698782288381468714759061146399901895491734760806078183
     332694894848329434549105787414873502606112802712440024745636803095039036420080826797726325643727533347094562684200739500429461145303257192536463211027218435305302565244506232330240506160052373297550819467601665370364223791626506805746132690937677414846877090853919880937


    5086108892721297009835929339049331087412133377600498095706525731544079419290039992637626003232557008471868045671565805734531518405008798786103630855429256249573600766250932791593951563236637920540300734605192611080733078597075129838788922720036116767139968333120379985886265595239
     4641979417786703368328395807798076337477200631914828320090770016202407247893002587208205193243287408948749688262833119078308226349071095092115717664093715987528832345571456154434234482882755740893279888477977274617593672330447246317228338166616710117050841113484510537100335825531
     6761310901839275572586265703525965167391700024715455969978251868036124196491638874957886928031547478720430809462609191151492313143792903392719106050713843902317385520764341022452298421899503012580175228138841759425959660620124299740103602713372417764600890682511057074682657737071
     5674187416817202525332453740517162230781766215899785630628092757277031781131113436715945343631993121866555730319227565261755641133980877575995296140153674468618129950457387148064102399186281119235231598149445373280970229998980916208643865715837756658321366050463898950023766685789
     4502627151660440701021925419329909839338324685276222991558243422906343244255978228150075701850481154561057205207514930885060886603445774420800514839637354644396387390585531622698158148515281319634118340188729326221225299940392408901441649535445332397302718287942088535978634236221
     4777754353108489574150042968405660074481084482072805204134232904882626149351589214018410633533906617419921858928628792494854702834749389490806013915521190829908664073159925934660210713476647777666769098356046678509217307191590088308393608039009318646948205632068043129193257862673
     2472773490088428133980402514441160210616362471988372788573252776560313375548879579643617872035716953544469744723310736110488902356856738414994328039965984433249491556806522755609731304100884485833876145266471071156842673554540732151138408860390316340855518308224087245071159274479
     5433381957526079619502954301327211367491752117714541408014490376067456113285722791097965934635155872134552184960882819005997047037814265447050608697209373083125903651449532919407946144950853232347970900124595900080331923968470611977246337077886181977132283382211753065664038103921
     6030176592562014636253212078704422359660339390209702562660247126961682192774695779467613521406660134633826474126365183337430102189414795609541697112920961170698062600702071481708543391555313152287334208401790429511803841768988845666077954046146693471295351279921243034786667988333
     8036474984942099540833063531872969308026120828502186792023446855615691106313478083033164185643655131177550064421680055607368972403502030505525586634272348294932475045273750810461772447879143316699989478715170989152555192208636375418186997456472778736820533608167526171909181155851


    28911710017320205966167820725313234361535259163045867986277478145081076845846493521348693253530011243988160148063424837895971948244167867236923919506962312185829914482993478947657472351461336729641485069323635424692930278888923450060546465883490944265147851036817433970984747733020522259537
     16471581891701794764704009719057349996270239948993452268812975037240586099924712715366967486587417803753916334331355573776945238871512026832810626226164346328807407669366029926221415383560814338828449642265377822759768011406757061063524768140567867350208554439342320410551341675119078050953
     66906174941351898982237115390104837800016519944803542107267307151873963667405652882882234979074916465840726363291254831297728195876839948476821111362547660187546080833118811138386335112324867302804187267930262901208266565865718143732715527778968965624024419434824986425142476236837724711619
     17160441645030935264127918488197223044423032294949290607725329385702867211094124452026640439869290520138575924093242319478564624951322485066038129421782264744932574479313896348123684939555661072794352801320851822124548964799270331635834170197712511573673852876021092210734677851423038145589
     41881970328229837575862121024586873839118624339720906926151959380017384630908360261281114858896239995979802524451414999099221056661311384631724751694216776973306953252147904807235529083826421541134486578078657958631274409702333847706219977904901768889130257692466383613649686862454370409751
     12574310210568992295391236743812326726776482174353588657900645266285757770843033428320489364472989127456336702810628971254254492560827343895265298738632502255009593271051579723815454872757538904746185448795343318827589544795905106549913395621470148459136748084837312416788281030641376776461
     47636001527157843615510166362212813825553995166349359052560828063795751982743949356281378571281356684995526346349689115319412565735006540850254022130876377867983398374239198108049044484863543699346022227692817853215225730056764957039852693911896900286014520659611654434776741074401112976951
     36997438997453671132166865292569847244619444010395996997269402633033171733524207782461697123413414988859119764706460324782855919613943534861045216286685374559389860714010358938897470990143322775796082401132386180536650715835089633575578638914905606853502795766373129779823319637155282395679
     33224988939958325005500695671267617338874622885890390533881719663053642478645240639084719290104519985775137683284635121762491364078202654759655915865377054667244894109025593792728931763489582862581707296760107534128977579042328333430944033239749124630128178571199381307853292264015434330633
     66411949393245949268811711602826765576402057646975003006251042260813215340087318062380031915073315092183806206493533345953281647263552710655695269967337089850144857674638489475995919778552032603791816048265084649175429768094838031170157033168866305251844356097795408000548418783227194651709


    203956878356401977405765866929034577280193993314348263094772646453283062722701277632936616063144088173312372882677123879538709400158306567338328279154499698366071906766440037074217117805690872792848149112022286332144876183376326512083574821647933992961249917319836219304274280243803104015000563790123
    531872289054204184185084734375133399408303613982130856645299464930952178606045848877129147820387996428175564228204785846141207532462936339834139412401975338705794646595487324365194792822189473092273993580587964571659678084484152603881094176995594813302284232006001752128168901293560051833646881436219
    319705304701141539155720137200974664666792526059405792539680974929469783512821793995613718943171723765238853752439032835985158829038528214925658918372196742089464683960239919950882355844766055365179937610326127675178857306260955550407044463370239890187189750909036833976197804646589380690779463976173
    250556952327646214427246777488032351712139094643988394726193347352092526616305469220133287929222242315761834129196430398011844978805263868522770723615504744438638381670321613949280530254014602887707960375752016807510602846590492724216092721283154099469988532068424757856392563537802339735359978831013
    290245329165570025116016487217740287508837913295571609463914348778319654489118435855243301969001872061575755804802874062021927719647357060447135321577028929269578574760547268310055056867386875959045119093967972205124270441648450825188877095173754196346551952542599226295413057787340278528252358809329

